555555305555055554444045550045055555555504440444445444444405545044055555
440050305555055554444045550045055555555504440444445444444405544044055555
450000305555055554444045050044044440444404440444445444444404045044054555
444444405555055554444044444044044444444404440444444444444404444044044455
000000000000000000000000000000000000000000000000000000000000000000000000
444444405555055554444055550045044444555504440544445444454505555044055555
444444405555055554444045500045044444455504440444444444444004444044055545
444444405554055554444055550040044444444404440544444444454505554044054555
444444405555055554444055550044044444444404440544445444444505555044055555
444444405555055554444045500045044444555504440444445444444404445044055555
000000000000000000000000000000000000000000000000000000000000000000000000
555555504444044445555055550055055555555505550555555555555505555055054555
444444504444044445555054540054055434555505550555555555555505555055044455
444444304444044445555054540054044434555505340555555555555505555055044455
444444304444044445444054540044044434444504440455444555555505555055044445
444444304444044444444054544044044434444504440455444555555505554044044444
000000000000000000000000000000000000000000000000000000000000000000000000
544444504444044444444055540044055554544405550544444454435405555044054444
544444404444044444444055540044055554544404340544444454445405555044054444
444444404444044444444045540044044444444404440444444444444405555044054444
444444404444044444444045544044044444444404440444444444444404444044054444
000000000000000000000000000000000000000000000000000000000000000000000000
550554305444044447755055050054044434444405440555555555555505555055054444
444444404444044467444074744044044444444504440445444745544507777077046647
444444404444044444444047744044044444444404440444444444444404447044077464
000000000000000000000000000000000000000000000000000000000000000000000000
555555505545044445555055555055055555555505550555555555555505555055055555
555555502245044445555055555055055555555505550555555555555505555055055545
555555505044044445555055555055055555555505550555555555555505555055055555
555555504444044445555055555055055555555505550555555555555505555055055544
000000000000000000000000000000000000000000000000000000000000000000000000
555555504444055455555055555055055555555505550555555555555505555055055555
555555504444000425555055550055055555555505550555555555555505555055054555
555555504444055455555055550054044445444405550555555555555504554055054555
555555504444044455555055555055055555555505550555555555555505555055055555
555555504444044445555055555055055555555505550555555555555505555055055555
000000000000000000000000000000000000000000000000000000000000000000000000
444444405555055554444045400045044444455504440444444444444404444044055545
444444404054055554444045400045044444455504440444444444444404444044055544
444444404054055554444045400045044444455504440444444444444404444044055544
444444404044044454444045400045044444455504440444444444444404444044055544
444444404044044444444040400042044444420004440444444444444404444044044444
000000000000000000000000000000000000000000000000000000000000000000000000
444444404044044454444044444044044444444404440444444444444404444044044454
444444404044044454444044444044044444444404440444444444444404444044044454
444444404044044454444044444044044444444404440444444444444404444044044454
444444404044044444444044444044044444444404440444444444444404444044044444
000000000000000000000000000000000000000000000000000000000000000000000000
000005104054055554444040400045044444455004440444444444444404444044044454
444444404044044454444040400044044444444004440444444444444404444044055544
444444404444044444444044444044044444444404440444444444444404444044044454
000000000000000000000000000000000000000000000000000000000000000000000000
