7755577555555555555555555555555555555555555555555555555555555555555555555555555555555555555555555555555555555555555
7755577555555555555555555555555555555555555555555555555555555555555555555555555555555555555555555555555555555555555
0055500000000000000005555555555550555555555555555555055555055055555555555555555555555555550055505555505555505555055
7750570000000000000005555555555550550000555055555000050555055055555555555555555555555550500000505005500000000505055
7755577400000555555555555555555550555555555555555555555522000000000555555555555555555550500555505555555550055550055
4444444444444444444444444444444444444444444444444444444444444444444444444444444444444444444444444444444444444444444
8834;888::4::4444::454444111441418514411114444144444444141411141111443333??0448514111111144244554444444444444445555
0000000000000000000000000000000000000000000000000000000000000000000000000000000000000000000000000000000000000000000
5555555555555555555555555555555555555555555555555555555555555555555555555555555555555555555555555555555555555555555
5555555555555555555555555555555555555555555555555555550555555555555444444444444444444445555055455555555555555555555
4444444444444444444445454444454444444444444444455444444444444444444444444444444444444441444400445005545500000504444
5555555555555444444445555554554555455554555555555555555455555555555554444444555455554555555455455555555555505555554
0000000000000000000000000000000000000000000000000000000000000000000000000000000000000000000000000000000000000000000
4444444444444444444445454444454444444444444444455444444444444444444444444444444444444441444400445005545500000504444
4444444444444444444445454444454444444444444444455444444444444444444444444444444444444444444444444444444444444544444
9933499999399333399345453444354349444444444444455334344444344444440444444444444444444440400422445555545500050523334
4444444444444444444444444444444444444444444444444444444444444444444444444444444444444444444444444444444444444444444
5555555555555555555555555555555555555555555555555555555555555555555555555555555555555555555555555555555555555555555
5555555555555555555555555555555555555555555555555555555555555555555555555555555555555555555555555555555555555555555
5555555555555555555555555555555555555555555555555555555555555555555555555555555555555555555555555555555555555555555
5555555555555555555555555555555555555555555555555555555555555555555555555555555555555555555555555555555555555555555
0000000000000000000000000000000000000000000000000000000000000000000000000000000000000000000000000000000000000000000
5555555555555555555555555555555555555555555555555555555555555555555555555555555555555555555555555555555555555555555
7555555555555555555550505555505555555555555555555555555202505502555555555555555555555555555055555555555555555055555
5555500555555555555555505555005054005555555550555555555555055555550555555555055555555550500055050550505500500000550
7050500405000400040444040444440000005555005500000550022222020005555555555555555555555550000000545004050055550000004
7750500405000400040444040444440000000000000000000000000000000005055555555555555555555550000000545004000005500000004
0000000000000000000000000000000000000000000000000000000000000000000000000000000000000000000000000000000000000000000
5555555555555555555555555555555555555555555555555555555555555555555555555555555555555552555555555554455550555555555
4444444444444444444444444444444444444444444444444444444444444444444444444444444444444444444444444444444444444444444
0000000000000000000000000000000000000000000000000000000000000000000000000000000000000000000000000000000000000000000
8834;88555555555555554444555545555554455554444544444544545555545555445555555448554555555545544555445554445504445555
8834;88555555555555554444555545555554455554444544444544545555545444445555555448544555554545544554445504444404445555
4444444555555555555554444555545555554455554444544444544545515545444445555555444544555554545544554445504444404445555
4444444555555555555554444555545555554455554444544444544545545545444445555555444544555554545544554445504444404444555
4444444444444555555555555555555444544445444454455444455544444444444555555555555555555551404540544405404404400444445
5554555555555555555554444555545555554455554444544444544555555555555445555555545554555555555544555445554445504445555
5554555444444444544444444444444444444444444444444444444454054450555444404440545454044440454144045444404445004445444
5554555444444444544444444444444444444444444444444444444454424450223444404440545404044441454144044444404444404444444
5554555444444444544444444444444444444444444444444444444454054450555444404440545454044440404144045444404445004445444
0000000000000000000000000000000000000000000000000000000000000000000000000000000000000000000000000000000000000000000
;;335;;;;;3;;3333;;35454355534535;555555555555344335355555355555550555555555555555555550500510554444454450040403335
7754577777477444477453344333433435533333333333333343433333433333333333333550330533333333344544554444444444444445555
8834;88888488444488454444444444448544444444444444444444444444444444444444;;8448544444444444344554444444444444444445
0000000000000000000000000000000000000000000000000000000000000000000000000000000000000000000000000000000000000000000
5555555555555555555554545555545555555555555555544555555555555555555555555555555555555555555555555555555555555455555
5555555555555555555554545555545555555555555555544555555555555555555555555555555555555555555555555555555555555455555
5555555555555555555554545555545555555555555555544555555555555555555555555555555555555555555555555555555555555455555
5555555555555555555554545555545555555555555555544555555555555555555555555555555555555555555555555555555555555455555
;;335;;;;;3;;3333;;35454355534535;555555555555544335355555355555550555555555555555555550500511554004454450050402525
5554555555555555555554444555545555554455554444544444544555555555555445555555545554555555555544555445554445504445555
5555555555555555555555555555555555555555555555555555555555555555555555555555555555555555555555555555555555555555555
5555555555555555555555555555555555555555555555555555555555555555555555555555555555555555555555555555555555555555555
5555555555555555555555555555555555555555555555555555555555555555555555555555555555555555555555555555555555555555555
5555555555555555555555555555555555555555555555555555555555555555555555555555555555555555555555555555555555555555555
5555555555555555555554545555545555555555555555544555555555555555555555555555555555555555555555555555555555555455555
5555555555555555555555555555555555555555555555555555555555555555555555555555555555555555555555555555555555555455555
5555555555555555555554545555545555555555555555544555555555555555555555555555555555555555555555555555555555555455555
0000000000000000000000000000000000000000000000000000000000000000000000000000000000000000000000000000000000000000000
5555555555555555555555555555555555555555555555555555555555555555555555555555555555555555555555555555555555555555555
5555555555555555555555555555555555555555555555555555555555555555555555555555555555555555555555555555555555555555555
5555555555555555555555555555555555555555555555555555555555555555555555555555555555555555555555555555555555555555555
5555555555555555555555555555555555555555555555555555555555555555555555555555555555555555555555555555555555555555555
0000000000000000000000000000000000000000000000000000000000000000000000000000000000000000000000000000000000000000000
5555555555555555555555555555555555555555555555555555555555555555555555555555555555555555555555555555555555555555555
5555555555555555555555555555555555555555555555555555555555555555555555555555555555555555555555555555555555555555555
0000000000000000000000000000000000000000000000000000000000000000000000000000000000000000000000000000000000000000000
4445405555554555455554444555545555555455555454555555554344545544555543245500044005355555555455555555555445504405555
4445444555444554454444444444444444445455545454455555554444444544444544444544444445455554444455454554445444444444554
4444444444444445554444444445445444544444444444444455444244444444444545445555555555505554404404544444455454454444445
5554554444445444544444444445445444544444444444444444444055454455551445555455045504444444444544444444454444404444445
555555555555555444555555555455455545555555555555555555515555555555555455444455<445404455555555455555545555505555554
