4445444555555555555555555555555555555555555555555555555555555555555555555555555555555555555555555555555555555555555
4445444444444555555555555555555554555555555555555555555555555555555555555555555555555555555555545555555555555555555
4445444444444444444445555555555554555555555555555555055555055055555555555555555555555555555555545555555555555555055
4445444444444444444445555555555554554444555555555445455555055455555555555555555555555555505545545455554455550555455
4445444444444555555555555555555554555555555555555555555544444444444555555555555555555555555555545555555555555554455
4444444444444444444444444444444444444444444444440005044444444444444555555555555554455500400000540004405550050044444
8834;888884884444::454444444444448544444444444444444444141444144444444344??0448534411344144344554444444444444445555
0000000000000000000000000000000000000000000000000000000000000000000000000000000000000000000000000000000000000000000
5555555555555555555555555555555555555555555555555555555555555555555444444444444445544455555055455555555555555555555
5555555555555555555555555555555555555555555555555555550555555555555444444444444444444445555055455555555555555555555
4444444555554555455555555555555555555555555555555555544444545544443444444444444444444445555455455555555555505555555
5555555555555444444445555554554555455554555555555555555455555555555554444444555455554555555455455555555555505555554
0000000000000000000000000000000000000000000000000000000000000000000000000000000000000000000000000000000000000000000
4444444555554555455555555555555555555555555555555555544444545544443555545555555554405445555455455555555555555555555
4444444555554444444445555554554555455554555555555544544444545544443555545555555554405443545405455555545555555555554
9933499555559555355555555555555555555555555555555555544444545544445444444444444444444445555455455555555555555555555
4444444444444444444444444444444444444444444444444444444444444444444545444555555554445444444444444444444454454444444
5555555444555555555555555555555555555555555555555555555555555455555555555555555555555555555555545555555555555555455
5555555444445555555555555555555454555555445555455555555555554555555555555555555555555555054555545555555555555555405
5555555444445555555555555555555454555555445555455555555555554455555555555555555555555555454555545555555555555555445
5555555444445555555555555555555444545555445555455555555555454455553555555555555555555553454555544555455554455554445
0000000000000000000000000000000000000000000000000000000000000000000000000000000000000000000000000000000000000000000
5555555555555455545444545444445555555555555555555555555555555555555555555555555555555555555555555554555555555555554
4555455555555555555554404545055045505555545450455555555555505555555555555555555555555552550055556556655550400505555
5555544555555555555555505555045054405555555550555555555555055555550555555555655555555550500055456556605500500400554
4454000445544444444444444444444444445555445544440555040444444005555555555555555555555555000000545004450055550004404
4404000445544444444444444444444444444444444444440000040444444005455555555555555555555555000000545004400005500004404
0000000000000000000000000000000000000000000000000000000000000000000000000000000000000000000000000000000000000000000
5555555444445444544445555555454444445555445555455555455555454455553555555555555555555553454555544554445554455554445
4444444444444444444444444445445444554444444444444444444444444444444445405455444554044440444544545445554440004444445
0000000000000000000000000000000000000000000000000000000000000000000000000000000000000000000000000000000000000000000
8834;88555555555555554444555545555554455554444544444544545555545555445555555448554555555545544555445554445504445555
8834;88555555555555554444555545555554455554444544444544545555545444445555555448544555554545544554445504444404445555
4444444555555555555554444555545555554455554444544444544545515545444445555555444544555554545544554445504444404445555
4444444555555555555554444555545555554455554444544444544545545545444445555555444544555554545544554444444444404444555
4444444444444555555555555555555444544445444454455444455544444444444555555555555555555551404540544405404404400444445
5554555555555555555554444555545555554455554444544444544555555555555445555555545554555555555544555445554445504445555
5554555444444444544444444445445444554444444444444444444454054455555445455455545554044445454544545445554445504445445
5554555444444444544444444445445444544444444444444444444454424450223445455455545524044443454544544444404444404444445
5554555444444444544444444444444444444444444444444444444454054455555444454448545454044445454144545444404445504445444
0000000000000000000000000000000000000000000000000000000000000000000000000000000000000000000000000000000000000000000
;;335;;88848;444388454444443443448544444444444444443455555454455554555555555555555555554444544554444454454444444445
7754577777477444477453344333433435533333333333333343433333433333333333333550330533333333344544554444444444444445555
8834;88888488444488454444444444448544444444444444444444444444444444444444;;8448544444444444344554444444444444444445
0000000000000000000000000000000000000000000000000000000000000000000000000000000000000000000000000000000000000000000
5555555555555555555554444445445445545555444444444555555555555555555555555555555555555553454554554544455554455445545
5555555444445555555554444445445444544445444444444555455555454455553555555555555555555553454504544444455554454444445
5555555444445454545444444444444444444444444444444555455555454455553555555555555555555553454504544444455554454444444
5555555444445555555554444445445444544445444444444455455555454455553555555555555555555553454504544444454444404444445
;;335;;44444;444344444444444444444444444444444444445455555454455554555555555555555555551404544544444444454454444444
5554555444445455555444444445445444544444444444444444444555454455553445555555545554505544454544544444454444404444445
5555555455555455545444545444444444445555455555445555555555555055555555555555555555555555555555545554455555555555554
5555555555555555555554545555545555555555555555544555555555555555555555555555555555555552555555554554455550555455555
5555555455555555555554545445445444545555455555444555555555555055555555555555555555555552450555544554455550555455555
5555555455555455545444545444444444445555455555444555555555555055555555555555555555555552450500544444404540500455554
5555555455555555555554444445445444544445444444444555055555554055555555555555555555555553454504554444455554450445545
5555555555555555555554545555545555555555555555544555555555555555555555555555555555555555555500555445554445500445555
5555555455555454545444444444444444445555444444444540055555555055555555555555555555555551404504544444404544400445544
0000000000000000000000000000000000000000000000000000000000000000000000000000000000000000000000000000000000000000000
5555555555555555555555555555555555555555555555555555555555555555555455555455444445555555555555555555555555555555555
5555555555555555555555555555555555555555555555555555555555555555555455555455444445554555555555555555555555555555555
5555555555555555555555555555555555555555555555555555555555555555555454555444444445554555555555555555555555555555555
5555555555555555555555555554554555455555555555555555555555555555555554554544555555555555555455555555555555555555554
0000000000000000000000000000000000000000000000000000000000000000000000000000000000000000000000000000000000000000000
5555555444555555555555555555555555554555555555555455455555555455555555555555555555555555555505545555555555555555455
5555555444555445545555555555555555554544555555555445455555555455555555555555555555555555555545545455554555555555455
0000000000000000000000000000000000000000000000000000000000000000000000000000000000000000000000000000000000000000000
4445405555444555455444444445445444545455545454455555554344444544551543345500044005355554454455554554455444404444555
4445444555444554454444444444444444445455545454455555554444444544444544444544444445455554444455454554445444444444554
4444444444444445554444444445445444544444444444444455444244444444444545445555555555505554404404544444455454454444445
5554554444445444544444444445445444544444444444444444444555454455551445555455555554444444444544444444454454455444445
555555555555555444555555555455455545555555555555555555515555555555555455444455<445404455555555455555545555505555554
