663331301232033011111010000021033333222200330222202111122201111011011312
663331301232033011111010000021033333220200330222202111122201111011011312
446301001200003011111010000001000000200000000222202111122201111011000000
444601001200003011111010000001000000000000000222200111122201111011011010
440061101232033;1111101000002101111321110:1102222:2111122201111011011312
111118111111111111111111111011111111111101111111111111111111111111111111
440011601101005011111010111041040111411100430444404111144401111011011111
000001001000000010011010000001000000000000000000000111100001111011000000
111111119111111111111111111011111111111101111111111111111111111111111111
222221101631033311111010022021011112111102:10222221111122201111011011111
440041001464043011111010000021000000005000000222200111122201111011011004
220021101136033;1111101001102102222221110:1102222:2111122201111011011111
000000000000000000000000000000000000000000000000000000000000000000000000
440041001434063011111010000021000000005000000222200111122201111011011004
444441501444046411111010000041055550555505050777755111172701111011011554
0000<100140<003611111010000021000000000002:0022222011112220111101101100<
111111111111011181111111111011011111111101110111111111111101111111011111
111111101111011119111011111011011111111101110111111111111101111011011111
111111101111011111911011111011011111111101110111111111111101111011011111
111111111111111111191111111011111111111101111111111111111111111111111111
111111111111111111119111111011111111111101111111111111111111111111111111
000001001000000010011010000001000000000000000000000111100001111011000000
111111111111111111111191111011111111111101111111111111111111111111111111
000001001000000011111016200021000000000000000000000111100001111011033302
000001101000000011111012600001000000000000010000000111100001111011003000
000001101201000011111010063001011111111100110000001111100001111011011111
000001101201000011111010046001011111100000110000001111100001111011011111
000000000000000000000000000000000000000000000000000000000000000000000000
2200213012220232111110120000;1020000203000330222232111122201111011020332
111111111111011111111111111018011111111101110111111111111101111111011111
000000000000000000000000000000000000000000000000000000000000000000000000
440011301102005011111010011021063331411100030444404111144401111011011112
440011001102005011111010011001046331411100;30444404111144401111011011111
440011101102005011111010011001044631411100110444404111144401111011011111
440011101102005011111010011001044461411100110444404111144401111011011111
440041101202000011111010011001011116111100110000001111104001111011011110
222021301102005011111010011021033331633300;30444406111144401111011011132
220011101101005011111010010001011111463300110444404111144401111011011111
200011101151055011111010010041011111446000110444404111144401111011011111
220011101101005011111010010001011111440600110444404111144401111011011111
000000000000000000000000000000000000000000000000000000000000000000000000
0000:100120:005211111010000001000000000006030444400111140401111011011000
440011301:01000:1111101001104100<111<11100630<0000<111104<01111011011111
440011401101005011111010111041044111411104460444404111144401111011011111
000000000000000000000000000000000000000000000000000000000000000000000000
222221301222027211111010000021033330333303;30666633111164601111011011332
222221301222027211111010000021033330333303030666633111164601111011011332
222221301222027211111010000021033330333303030666633111164601111011011332
222221301222027211111010000021033330333303030666633111164601111011011332
0000:100120:005211111010000041000000000000000444460111144401111011011000
222021301102005011111010011021033331633300;30444406111144401111011011132
111111111111111111111111111011111111111101111111111911111111111111111111
111111111111111111111111111011111111111101111111111191111111111111111111
111111111111111111111111111011111111111101111111111119111111111111111111
111111111111111111111111111011111111111101111111111111911111111111111111
222221301222027211111010000021033330333303030666633111164601111011011332
22222130122202221111101000002103333333330033033333311113;301111011000332
222221301222027211111010000021033330333303;30666633111164601111011011332
000000000000000000000000000000000000000000000000000000000000000000000000
111111111111111111111111111011111111111101111111111111111119111111111111
111111111111111111111111111011111111111101111111111111111111911111111111
111111111111111111111111111011111111111101111111111111111111191111111111
111111111111111111111111111011111111111101111111111111111111119111111111
000001001000000010011010000001000000000000000000000111100001111011000000
111111111111111111111111111011111111111101111111111111111111111191111111
111111111111111111111111111011111111111101111111111111111111111119111111
000000000000000000000000000000000000000000000000000000000000000000000000
110111101111011111111014011021011111111101110111111111110101111011063111
110111101111011111111014411001011111111101110111111111110101111011046151
440041101101005011111014011041011111111100110444401111144401111011011612
110111101101005011111010011041011111411100110444404111144401111011015161
220021101131033;11111012011021021110211100110222202111122201111011011216
