000000302202000032222021100023033333222200330220202222022002222022011312
000000302202000032222021100023033333220200330000002200002002222022011312
000000002200000000000000000000000000200000000000000000002002200000000000
000000002200000000000001100000000000000000000000000000000002200000011010
100000102212011030111021100010011113211101110011101101112102222011011312
888888888888088888888888888088088888888808880888888888888808888888088888
11111100111101111111101111101004011141110<430<11111101114101110011011111
000000000000000000000000000000000000000000000000000000000000000000000000
999999999999099999999999999099099999999909990999999999999909999999099999
220021104401011302222020120021011112111102:10222221222222204401022011111
440040004444044404440011100000000050005000000000505100000004444040011004
221121101116011112222010111011022222211101110221211122122101114021011111
000000000000000000000000000000000000000000000000000000000000000000000000
440040004444044404440011100000000050005000000000505100000004444040011004
444440504444044454444011100045055550555505050555555155555504444044011554
<<00<000440<0<<4000<00111000000000=0000000000000=0=1200000044440<001100<
888888888888088888888888888088088888888808880888888888888808888888088888
999999909999099999999099999099099999999909990999999999999909999099099999
999999909999099999999099999099099999999909990999999999999909999099099999
999999999999099999999999999099099999999909990999999999999909999999099999
999999999999099999999999999099099999999909990999999999999909999999099999
000000000000000000000000000000000000000000000000000000000000000000000000
999999999999099999999999999099099999999909990999999999999909999999099999
000000000000000032000000000020000000000000000000000000000002220022033302
000000100000000002000002300000000000000001010000000000000000000022003000
111110102211011001111041100011011111111101110111101000010102201011011111
011110102201001001111040100011011111111001110010101000000002201011011111
000000000000000000000000000000000000000000000000000000000000000000000000
222220302222022232220000000032020030223003330333333033332302222022000332
888888888888088888888888888088088888888808880888888888888808888888088888
000000000000000000000000000000000000000000000000000000000000000000000000
1111113011120111122220111110230633314111010301111111<1114101112011011112
111111;0111201111222:011111001046331411101;301111111<1114101112011011111
41111110111201111222:0111110010446?14111011101111111<1114101112011011111
41111110111201111222:0111110010444?14111011101111111<1114101112011011111
441141102212011104444021111011011116111101110111111101110102202041011110
222121301112011112222011111023033331633301;301111131<1114101112011011112
211111101111011114440041111001011111440401110000010400004001110044011111
211111101111011114444041111001011111444401110440400444044001110044011111
211111101101011114440041111001011111440401110000010400004001110044011111
000000000000000000000000000000000000000000000000000000000000000000000000
0:00:00022::0::2000:00111000000000;0000003;30000;0;1400000022220:0011000
11111030::11011:011110111110100<<111<11100630<111011<111<10::::011011111
111111401111011111111011111011044111411104460411111141114101111011011111
000000000000000000000000000000000000000000000000000000000000000000000000
222220302222022232222011100023033330333303;30333333133333302222022011332
222220302222022232222011100023033330333303030333333133333302222022011332
222220302222022232222011100023033330333303030333333133333302222022011332
222220302222022232222011100023033330333303030333333133333302222022011332
0:00000022::0::2300:0011100000000000000000000000030100000002222000011000
222121301112011112222011111023033331633301;30111113101114101112011011112
999999999999099999999999999099099999999909990999999999999909999999099999
999999999999099999999999999099099999999909990999999999999909999999099999
999999999999099999999999999099099999999909990999999999999909999999099999
999999999999099999999999999099099999999909990999999999999909999999099999
222220302222022232222011100023033330333303030333333133333302222022011332
222220302222022232222020000023033333333303330333333033333302222022000332
222220302222022232222011100023033330333303;30333333133333302222022011332
000000000000000000000000000000000000000000000000000000000000000000000000
999999999999099999999999999099099999999909990999999999999909999999099999
999999999999099999999999999099099999999909990999999999999909999999099999
999999999999099999999999999099099999999909990999999999999909999999099999
999999999999099999999999999099099999999909990999999999999909999999099999
000000000000000000000000000000000000000000000000000000000000000000000000
999999999999099999999999999099099999999909990999999999999909999999099999
999999999999099999999999999099099999999909990999999999999909999999099999
000000000000000000000000000000000000000000000000000000000000000000000000
111111101111011112222011111021011111111101110111111111111101111022033111
111111101111011112111014411011011111111101110111111111111101114022046151
44114110111101113444401011101101111111110111044101114414<102221041011612
111111101111011114444011111011011111411100110401010144104101112044015141
221121101111011112222012111011021110211101110221212122122101111021011216
