6333010113022111011100110022220221220333330333303330
4613011111011111011110111022220211220111000333300330
4163011111011111011110111022220211220111100333301130
4446041144011110000000110022220211220111100333301130
0000600000000000000000000000000000000000000000000000
1113063333021111011000110022220221220333330333301330
0111046110021111011110111021110221020333330111001310
1111041611011111011110111011110111110111110111001110
1113041161001111011000110022220201220111100333301030
4113040116021111011100110022220221220333330333301330
0000000000600000000000000000000000000000000000000000
2111022102063333011110131041110441140211110111101110
2111011111046333011110101041110441140111110111101110
1111011111044633011110101041110441140111110111101110
1111011111044463011110101040110441140111110111101110
1110011111044446011110111040000441040111100000000100
0000000000000000600000000000000000000000000000000000
1110011111011111063330111044440411440111100000000100
1110011111011111046330111044440411440111100000000100
1110001101011111044630111044440411440111100000000100
0110001100011111044460011044440400440111100000000100
0000000000000000000006000000000000000000000000000000
1111011111011111011100611040110111110111100000000110
1111011111040001011110161044110441040111110111101010
0110001100011111011110116044440411440111100000001100
0000000000000000000000000600000000000000000000000000
2222022122033333033330333063330101130221110111001100
2222021122011100033330033046130111110111110111101110
2222021122011110033330113041630111110111110111101110
2222021122011110033330113044460411440111100000001100
0000000000000000000000000000006000000000000000000000
2222022122033333033330133011130633330211110110001100
2111022102033333011100131001110461100211110111101110
1111011111011111011100111011110416110111110111101110
2222020122011110033330103011130411610011110110001100
2222022122033333033330133041130401160211110111001100
0000000000000000000000000000000000006000000000000000
4111044114021111011110111021110221020633330111101310
4111044114011111011110111021110111110463330111101010
4111044114011111011110111011110111110446330111101010
4011044114011111011110111011110111110444630111101010
4000044104011110000000010011100111110444460111101110
0000000000000000000000000000000000000000006000000000
4444041144011110000000010011100111110111110633301110
4444041144011110000000010011100111110111110463301110
4444041144011110000000010011100011010111110446301110
4444040044011110000000010001100011000111110444600110
0000000000000000000000000000000000000000000000060000
4011011111011110000000011011110111110111110111006110
4411044104011111011110101011110111110400010111101610
4444041144011110000000110001100011000111110111101160
0000000000000000000000000000000000000000000000000006
