000018109232033;89999090010028011333222200110222202999922209999099011312
000008109232033;8999909001102801111321110:1102222:2999922209999099011312
000008109001003089999090011028011111211100110222202999922209999099011111
000008109001003089999090011028011111111100110222201999922209999099011111
000008109232033;8999909001102801111321110:110222202999922209999099011312
000008109101000089999090000008011111111100010000001999900009999099011111
44001800910100508999909011104804<111411100430444404999944409999099011111
000008009000000080099090000008000000000000000000000999900009999099000000
222228109331033389999090022028011112111102:10222221999922209999099011111
222228109331033389999090022028011112111102:10222221999922209999099011111
00001810903103308999909001002801111111100:1102222:1999922209999099011111
220028109136033;8999909001102802222221110:1102222:2999922209999099011111
000000000000000000000000000000000000000000000000000000000000000000000000
000018109131033;8999909001002801111111110:1102222:1999922209999099011111
000018109131033;8999909001102801111111110:1102222:1999922209999099011111
000008109431033389999090000028011111111102:10222221999922209999099011111
440048109001005089999094000048011110111100010444441999944409999099011411
220008109232033089999092211028022223233300110222202999922209999099022332
220018109232033089999090011028022223233300110222202999922209999099021332
220018109232033;8999909001102802222323330:1102222:2999922209999099021332
22001810920200308999909001100802:::3203000110222202999922209999099021332
000008009000000080099090000008000000000000000000000999900009999099000000
220028109211011189999090033008011112133301110111111999912109999099011111
110118109010011189999090210008011111111101110111111999910109999099013012
110118109111011189999090411008011111111101110111111999910109999099013111
000008109201000089999090000008011111111100110000001999900009999099011111
000008109001000089999090000008011111111100110000001999900009999099011111
000000000000000000000000000000000000000000000000000000000000000000000000
220018109201003089999092011048020001200000110222202999922209999099021111
440008009101005089999090011028041111411100010444404999944409999099011111
000000000000000000000000000000000000000000000000000000000000000000000000
440018309102005089999090011028063331411100;30444404999944409999099011112
440018009102005089999090011008046331411100;30444404999944409999099011111
440018109102005089999090011008044631411100110444404999944409999099011111
440018109152055=89999090011048044>>141110<110444404999944409999099011111
440048109202000089999090011008011116111100110000001999904009999099011110
222028309102005089999090011028033331633300;30444406999944409999099011132
220018109101005089999090011028011111433300110444404999944409999099011111
200018109151055089999090011048011111403000110444404999944409999099011111
220018109101005089999090010008011111433300110444404999944409999099011111
000000000000000000000000000000000000000000000000000000000000000000000000
000018;09201005089999090111048011111111104030444401999944409999099011101
440018309:0100008999909001104800<111<1110<630<0000<999904<09999099011111
440018409101005089999090111048044111411104460444404999944409999099011111
000000000000000000000000000000000000000000000000000000000000000000000000
200008;09202005089999090010048011111103000;30444401999944409999099011332
200018109202005089999090011048011111103000110444401999944409999099011302
000018109201005089999090010048011111100000110444401999944409999099011111
200018109252055=8999909001104801111110300<110444401999944409999099011002
000008109201005089999090000048011111110100010444441999944409999099011111
220018109151055=8999909001104801111140000<110444404999944409999099011102
220018109211011189999090000008011111133301110111111999910109999099011111
2000080092020052899990900000480;;;;0;03003;30444400999944409999099011332
200018109202005089999090000048011111103000110444401999944409999099011332
000018109201005089999090000048011111100000110444401999944409999099011111
200018109202005089999090010048011111103000110444401999944409999099011302
222028309202005089999090000028033330333300;30444403999944409999099011;32
000018109201005089999090010048011111100000110444401999944409999099011111
000000000000000000000000000000000000000000000000000000000000000000000000
222228109331033389999092022028011112111102:10222221999922209999099011211
222228109331033389999092022028011112111102:10222221999922209999099011211
220028109031033389999092000028011110111102:10222221999922209999099011211
220028009133033389999090011028022222200002:10222222999922209999099013121
000008009000000080099090000008000000000000000000000999900009999099000000
220018109232033;8999909221102801111313330:110222201999922209999099022332
220018109201003089999092211028011111133300110222201999922209999099022131
000000000000000000000000000000000000000000000000000000000000000000000000
110118109111011189999094011008011111111101110111111999910109999099043111
110118109111011189999094411008011111111101110111111999910109999099046151
440048109101005089999094011048011111111100110444401999944409999099011612
110118109101005089999090011048011111111100110444401999944409999099015131
220028109131033;89999092011028021110211100110222202999922209999099011216
